0 1425 2025 1705 1143 1936 1355 1664 1502 1118 1351 1711 1512 1747 1797 1210 1483 1154 1945 1316 1330 1369 1680 1222 2043 2047 1996 1468 1176 1278 1445 1188
1425 0 1918 1850 1264 1464 1457 1731 1431 1362 1956 1708 1560 1029 1400 1532 1333 1107 1639 1078 1922 1870 1982 1751 1777 1098 1643 1586 1855 1911 1277 1879
2025 1918 0 1026 1069 1696 1951 1354 1522 1166 1074 1112 1713 1295 1591 2030 1550 1449 1386 1171 1631 1367 1189 1590 1439 1263 1035 1345 1592 1638 2008 1191
1705 1850 1026 0 1225 1514 1943 1418 1473 1559 1123 1361 1758 1652 1062 1481 1890 1877 1829 1416 1993 1374 1817 1064 1541 1470 1538 1085 1344 1249 1482 1349
1143 1264 1069 1225 0 1928 1515 2027 1995 1524 1469 1206 1219 1925 1436 1792 1204 1325 1218 1763 1688 1214 1588 1689 1120 1818 1100 1276 1904 2015 1488 1788
1936 1464 1696 1514 1928 0 1593 1714 1838 1093 1027 1837 1108 1973 1960 2044 1504 1804 1752 1955 1125 1857 1946 1726 1898 1423 1440 1903 1047 1602 1510 1127
1355 1457 1951 1943 1515 1593 0 1283 1899 1267 1304 1966 1554 1871 1485 1236 1618 1624 1080 1408 1366 1768 1373 1669 1506 1320 1275 1895 2002 1987 1566 1245
1664 1731 1354 1418 2027 1714 1283 0 1237 1363 1667 1235 1152 1861 1579 1921 1732 1180 1805 1342 1220 1953 1706 1658 1822 1611 1357 1828 1775 1092 1311 1279
1502 1431 1522 1473 1995 1838 1899 1237 0 1967 1172 1753 1438 1607 1650 1932 1286 1426 1498 1388 1420 1096 1578 1742 1668 1646 1079 1326 1608 1458 1332 1138
1118 1362 1166 1559 1524 1093 1267 1363 1967 0 1965 1505 1269 1612 1382 1540 1301 1976 1666 1767 1814 1887 1086 1576 2034 1462 1477 1185 1994 1957 1517 1297
1351 1956 1074 1123 1469 1027 1304 1667 1172 1965 0 1565 1935 1596 1303 1053 1568 1719 1169 1852 1044 1661 1192 1537 1905 1637 1175 1061 2041 1091 2024 1868
1711 1708 1112 1361 1206 1837 1966 1235 1753 1505 1565 0 1678 1555 1907 1493 1247 1056 2020 1704 2007 1384 1324 1174 1665 1908 1635 1826 1743 1167 1856 1781
1512 1560 1713 1758 1219 1108 1554 1152 1438 1269 1935 1678 0 1744 1239 1114 1499 1990 1448 1459 1626 1738 1385 1437 1407 1212 2037 1737 1656 1690 1161 1698
1747 1029 1295 1652 1925 1973 1871 1861 1607 1612 1596 1555 1744 0 1494 1727 1429 1888 1710 1372 1787 1197 2006 1964 1452 1365 1575 1151 1909 1335 1134 1109
1797 1400 1591 1062 1436 1960 1485 1579 1650 1382 1303 1907 1239 1494 0 1099 1562 1605 1655 1137 1257 1487 1816 1980 1549 1054 1558 1329 1230 1556 1336 1632
1210 1532 2030 1481 1792 2044 1236 1921 1932 1540 1053 1493 1114 1727 1099 0 1209 1090 1447 1535 1163 1569 1045 1648 1633 1348 1232 1465 1110 1572 1490 1318
1483 1333 1550 1890 1204 1504 1618 1732 1286 1301 1568 1247 1499 1429 1562 1209 0 1443 1703 2048 2029 1358 1148 1122 1875 1699 1552 1939 1671 1662 1402 1580
1154 1107 1449 1877 1325 1804 1624 1180 1426 1976 1719 1056 1990 1888 1605 1090 1443 0 1745 1432 1716 1723 1299 1380 1200 1571 1041 1543 1676 1613 1806 1410
1945 1639 1386 1829 1218 1752 1080 1805 1498 1666 1169 2020 1448 1710 1655 1447 1703 1745 0 1848 1272 1683 1105 2004 1217 1211 1135 1024 1513 1735 1281 1902
1316 1078 1171 1416 1763 1955 1408 1342 1388 1767 1852 1704 1459 1372 1137 1535 2048 1432 1848 0 1997 1317 1396 1886 1786 1181 1406 1455 1530 1724 1043 1663
1330 1922 1631 1993 1688 1125 1366 1220 1420 1814 1044 2007 1626 1787 1257 1163 2029 1716 1272 1997 0 1833 1825 1583 1146 1254 1313 1920 1614 2014 1484 1963
1369 1870 1367 1374 1214 1857 1768 1953 1096 1887 1661 1384 1738 1197 1487 1569 1358 1723 1683 1317 1833 0 1600 1467 1845 1451 1434 2032 1906 1314 1381 2038
1680 1982 1189 1817 1588 1946 1373 1706 1578 1086 1192 1324 1385 2006 1816 1045 1148 1299 1105 1396 1825 1600 0 1534 1878 1259 1582 1924 1548 1677 1414 1346
1222 1751 1590 1064 1689 1726 1669 1658 1742 1576 1537 1174 1437 1964 1980 1648 1122 1380 2004 1886 1583 1467 1534 0 1835 1601 2045 1507 1984 1030 1779 1603
2043 1777 1439 1541 1120 1898 1506 1822 1668 2034 1905 1665 1407 1452 1549 1633 1875 1200 1217 1786 1146 1845 1878 1835 0 1103 1715 1178 1347 1040 1876 1733
2047 1098 1263 1470 1818 1423 1320 1611 1646 1462 1637 1908 1212 1365 1054 1348 1699 1571 1211 1181 1254 1451 1259 1601 1103 0 1376 1168 1770 1527 1736 1271
1996 1643 1035 1538 1100 1440 1275 1357 1079 1477 1175 1635 2037 1575 1558 1232 1552 1041 1135 1406 1313 1434 1582 2045 1715 1376 0 1480 1915 1186 1599 1998
1468 1586 1345 1085 1276 1903 1895 1828 1326 1185 1061 1826 1737 1151 1329 1465 1939 1543 1024 1455 1920 2032 1924 1507 1178 1168 1480 0 1670 1702 1766 1454
1176 1855 1592 1344 1904 1047 2002 1775 1608 1994 2041 1743 1656 1909 1230 1110 1671 1676 1513 1530 1614 1906 1548 1984 1347 1770 1915 1670 0 1323 1783 1968
1278 1911 1638 1249 2015 1602 1987 1092 1458 1957 1091 1167 1690 1335 1556 1572 1662 1613 1735 1724 2014 1314 1677 1030 1040 1527 1186 1702 1323 0 1028 1471
1445 1277 2008 1482 1488 1510 1566 1311 1332 1517 2024 1856 1161 1134 1336 1490 1402 1806 1281 1043 1484 1381 1414 1779 1876 1736 1599 1766 1783 1028 0 1865
1188 1879 1191 1349 1788 1127 1245 1279 1138 1297 1868 1781 1698 1109 1632 1318 1580 1410 1902 1663 1963 2038 1346 1603 1733 1271 1998 1454 1968 1471 1865 0